# log10(n) log10(1/n) log10(log2(n)) log10(12*sqrt(n)) ...
1.3010 -1.301030e+000 6.356775e-001 1.729696e+000 2.349485e+000 6.635253e-001 1.093399e+001 1.936708e+000 1.880814e+000 4.603361e+000 4.204120e+000 5.622958e+000 9.542425e+000
1.6021 -1.602060e+000 7.260690e-001 1.880211e+000 2.500000e+000 8.170506e-001 1.123502e+001 2.328129e+000 3.105851e+000 5.204771e+000 5.107210e+000 8.526048e+000 1.908485e+001
1.9031 -1.903090e+000 8.008496e-001 2.030726e+000 2.650515e+000 9.705759e-001 1.153605e+001 2.703940e+000 3.783618e+000 5.806506e+000 6.010300e+000 1.203120e+001 3.816970e+001
2.2041 -2.204120e+000 8.646255e-001 2.181241e+000 2.801030e+000 1.124101e+000 1.183708e+001 3.068745e+000 4.402708e+000 6.408403e+000 6.913390e+000 1.613841e+001 7.633940e+001
2.5051 -2.505150e+000 9.202240e-001 2.331756e+000 2.951545e+000 1.277626e+000 1.213811e+001 3.425374e+000 5.008924e+000 7.010381e+000 7.816480e+000 2.084768e+001 1.526788e+002
2.8062 -2.806180e+000 9.695057e-001 2.482271e+000 3.102060e+000 1.431152e+000 1.243914e+001 3.775686e+000 5.612016e+000 7.612401e+000 8.719570e+000 2.615901e+001 3.053576e+002
3.1072 -3.107210e+000 1.013761e+000 2.632786e+000 3.252575e+000 1.584677e+000 1.274017e+001 4.120971e+000 6.214334e+000 8.214440e+000 9.622660e+000 3.207240e+001 6.107152e+002
3.4082 -3.408240e+000 1.053920e+000 2.783301e+000 3.403090e+000 1.738202e+000 1.304120e+001 4.462160e+000 6.816458e+000 8.816490e+000 1.052575e+001 3.858785e+001 1.221430e+003
3.7093 -3.709270e+000 1.090679e+000 2.933816e+000 3.553605e+000 1.891728e+000 1.334223e+001 4.799949e+000 7.418535e+000 9.418545e+000 1.142884e+001 4.570536e+001 2.442861e+003
4.0103 -4.010300e+000 1.124567e+000 3.084331e+000 3.704120e+000 2.045253e+000 1.364326e+001 5.134867e+000 8.020599e+000 1.002060e+001 1.233193e+001 5.342493e+001 4.885722e+003
4.3113 -4.311330e+000 1.156001e+000 3.234846e+000 3.854635e+000 2.198778e+000 1.394429e+001 5.467331e+000 8.622660e+000 1.062266e+001 1.323502e+001 6.174656e+001 9.771443e+003
4.6124 -4.612360e+000 1.185313e+000 3.385361e+000 4.005150e+000 2.352304e+000 1.424532e+001 5.797673e+000 9.224720e+000 1.122472e+001 1.413811e+001 7.067025e+001 1.954289e+004
4.9134 -4.913390e+000 1.212771e+000 3.535876e+000 4.155665e+000 2.505829e+000 1.454635e+001 6.126161e+000 9.826780e+000 1.182678e+001 1.504120e+001 8.019600e+001 3.908577e+004
5.2144 -5.214420e+000 1.238596e+000 3.686391e+000 4.306180e+000 2.659354e+000 1.484738e+001 6.453016e+000 1.042884e+001 1.242884e+001 1.594429e+001 9.032381e+001 7.817155e+004
5.5154 -5.515450e+000 1.262971e+000 3.836906e+000 4.456695e+000 2.812879e+000 1.514841e+001 6.778421e+000 1.103090e+001 1.303090e+001 1.684738e+001 1.010537e+002 1.563431e+005
5.8165 -5.816480e+000 1.286050e+000 3.987421e+000 4.607210e+000 2.966405e+000 1.544944e+001 7.102530e+000 1.163296e+001 1.363296e+001 1.775047e+001 1.123856e+002 3.126862e+005
6.1175 -6.117510e+000 1.307965e+000 4.137936e+000 4.757725e+000 3.119930e+000 1.575047e+001 7.425475e+000 1.223502e+001 1.423502e+001 1.865356e+001 1.243196e+002 6.253724e+005
6.4185 -6.418540e+000 1.328826e+000 4.288451e+000 4.908240e+000 3.273455e+000 1.605150e+001 7.747366e+000 1.283708e+001 1.483708e+001 1.955665e+001 1.368556e+002 1.250745e+006
6.7196 -6.719570e+000 1.348732e+000 4.438966e+000 5.058755e+000 3.426981e+000 1.635253e+001 8.068302e+000 1.343914e+001 1.543914e+001 2.045974e+001 1.499938e+002 2.501489e+006
