1 0.0000 1.0000
2 0.0000 1.0000
3 0.3333 1.0000
4 0.5000 0.7500
5 0.6000 0.8000
6 0.5000 0.8333
7 0.5714 0.7143
8 0.5000 0.7500
9 0.4444 0.7778
10 0.5000 0.7000
11 0.5455 0.7273
12 0.5833 0.7500
13 0.5385 0.7692
14 0.5714 0.7857
15 0.6000 0.8000
16 0.5625 0.8125
17 0.5294 0.8235
18 0.5000 0.8333
19 0.5263 0.7895
20 0.5500 0.7500
21 0.5714 0.7619
22 0.5909 0.7727
23 0.5652 0.7826
24 0.5833 0.7917
25 0.5600 0.8000
26 0.5769 0.7692
27 0.5556 0.7407
28 0.5714 0.7500
29 0.5862 0.7586
30 0.5667 0.7333
31 0.5484 0.7097
32 0.5313 0.6875
33 0.5152 0.6970
34 0.5294 0.7059
35 0.5143 0.7143
36 0.5000 0.7222
37 0.4865 0.7297
38 0.4737 0.7368
39 0.4615 0.7179
40 0.4750 0.7250
41 0.4878 0.7317
42 0.4762 0.7381
43 0.4884 0.7442
44 0.5000 0.7273
45 0.5111 0.7111
46 0.5000 0.7174
47 0.5106 0.7234
48 0.5208 0.7083
49 0.5102 0.7143
50 0.5000 0.7200
51 0.4902 0.7255
52 0.5000 0.7308
53 0.4906 0.7358
54 0.5000 0.7222
55 0.5091 0.7273
56 0.5179 0.7321
57 0.5263 0.7368
58 0.5345 0.7241
59 0.5424 0.7288
60 0.5333 0.7167
61 0.5246 0.7213
62 0.5161 0.7097
63 0.5238 0.6984
64 0.5313 0.6875
65 0.5385 0.6923
66 0.5455 0.6970
67 0.5522 0.7015
68 0.5441 0.7059
69 0.5507 0.7101
70 0.5429 0.7000
71 0.5352 0.7042
72 0.5278 0.6944
73 0.5342 0.6986
74 0.5405 0.7027
75 0.5467 0.6933
76 0.5395 0.6842
77 0.5455 0.6883
78 0.5385 0.6795
79 0.5443 0.6709
80 0.5500 0.6625
81 0.5556 0.6667
82 0.5610 0.6707
83 0.5663 0.6627
84 0.5714 0.6667
85 0.5765 0.6706
86 0.5698 0.6628
87 0.5747 0.6667
88 0.5682 0.6705
89 0.5730 0.6742
90 0.5778 0.6778
91 0.5824 0.6813
92 0.5870 0.6848
93 0.5914 0.6882
94 0.5851 0.6915
95 0.5895 0.6947
96 0.5938 0.6875
97 0.5979 0.6907
98 0.5918 0.6939
99 0.5859 0.6970
100 0.5900 0.6900
101 0.5941 0.6931
102 0.5980 0.6961
103 0.5922 0.6893
104 0.5962 0.6923
105 0.6000 0.6952
106 0.5943 0.6981
107 0.5981 0.7009
108 0.5926 0.7037
109 0.5872 0.6972
110 0.5818 0.7000
111 0.5856 0.7027
112 0.5804 0.7054
113 0.5841 0.7080
114 0.5877 0.7105
115 0.5826 0.7130
116 0.5862 0.7155
117 0.5897 0.7179
118 0.5847 0.7203
119 0.5882 0.7227
120 0.5833 0.7250
121 0.5868 0.7190
122 0.5820 0.7213
123 0.5854 0.7154
124 0.5887 0.7177
125 0.5920 0.7200
126 0.5873 0.7222
127 0.5827 0.7244
128 0.5859 0.7266
129 0.5891 0.7209
130 0.5923 0.7231
131 0.5954 0.7252
132 0.5985 0.7273
133 0.5940 0.7293
134 0.5970 0.7239
135 0.6000 0.7259
136 0.6029 0.7279
137 0.6058 0.7226
138 0.6014 0.7246
139 0.6043 0.7266
140 0.6071 0.7214
141 0.6028 0.7163
142 0.6056 0.7183
143 0.6084 0.7133
144 0.6111 0.7153
145 0.6069 0.7172
146 0.6096 0.7192
147 0.6122 0.7211
148 0.6081 0.7230
149 0.6040 0.7181
150 0.6000 0.7200
151 0.5960 0.7219
152 0.5987 0.7237
153 0.6013 0.7190
154 0.5974 0.7143
155 0.5935 0.7161
156 0.5962 0.7179
157 0.5987 0.7197
158 0.5949 0.7215
159 0.5912 0.7233
160 0.5938 0.7250
161 0.5901 0.7267
162 0.5864 0.7284
163 0.5828 0.7301
164 0.5793 0.7256
165 0.5758 0.7273
166 0.5723 0.7289
167 0.5689 0.7305
168 0.5655 0.7262
169 0.5621 0.7278
170 0.5588 0.7294
171 0.5556 0.7251
172 0.5523 0.7267
173 0.5491 0.7283
174 0.5517 0.7241
175 0.5486 0.7200
176 0.5511 0.7159
177 0.5480 0.7175
178 0.5449 0.7191
179 0.5475 0.7207
180 0.5444 0.7222
181 0.5414 0.7238
182 0.5385 0.7198
183 0.5355 0.7213
184 0.5326 0.7174
185 0.5297 0.7189
186 0.5323 0.7204
187 0.5348 0.7219
188 0.5372 0.7181
189 0.5397 0.7196
190 0.5421 0.7211
191 0.5445 0.7173
192 0.5417 0.7188
193 0.5389 0.7202
194 0.5361 0.7165
195 0.5333 0.7179
196 0.5306 0.7194
197 0.5279 0.7208
198 0.5253 0.7222
199 0.5226 0.7186
200 0.5200 0.7200
201 0.5174 0.7214
202 0.5149 0.7228
203 0.5123 0.7192
204 0.5098 0.7206
205 0.5073 0.7171
206 0.5049 0.7184
207 0.5072 0.7198
208 0.5048 0.7212
209 0.5072 0.7225
210 0.5048 0.7238
211 0.5071 0.7251
212 0.5094 0.7264
213 0.5117 0.7277
214 0.5093 0.7243
215 0.5070 0.7256
216 0.5093 0.7222
217 0.5115 0.7235
218 0.5138 0.7248
219 0.5160 0.7260
220 0.5136 0.7273
221 0.5158 0.7285
222 0.5135 0.7297
223 0.5112 0.7309
224 0.5134 0.7321
225 0.5156 0.7333
226 0.5133 0.7345
227 0.5110 0.7357
228 0.5088 0.7368
229 0.5109 0.7380
230 0.5130 0.7391
231 0.5108 0.7403
232 0.5129 0.7414
233 0.5150 0.7425
234 0.5128 0.7436
235 0.5106 0.7404
236 0.5127 0.7373
237 0.5105 0.7384
238 0.5126 0.7395
239 0.5105 0.7406
240 0.5083 0.7417
241 0.5062 0.7427
242 0.5083 0.7438
243 0.5103 0.7449
244 0.5082 0.7459
245 0.5102 0.7469
246 0.5122 0.7480
247 0.5101 0.7490
248 0.5081 0.7500
249 0.5060 0.7510
250 0.5040 0.7520
251 0.5060 0.7530
252 0.5040 0.7500
253 0.5020 0.7510
254 0.5039 0.7520
255 0.5059 0.7529
256 0.5039 0.7539
257 0.5019 0.7510
258 0.5000 0.7519
259 0.4981 0.7529
260 0.4962 0.7500
261 0.4981 0.7510
262 0.5000 0.7481
263 0.4981 0.7490
264 0.5000 0.7500
265 0.4981 0.7472
266 0.5000 0.7481
267 0.5019 0.7491
268 0.5037 0.7500
269 0.5056 0.7509
270 0.5074 0.7519
271 0.5092 0.7491
272 0.5074 0.7500
273 0.5092 0.7509
274 0.5073 0.7518
275 0.5091 0.7491
276 0.5072 0.7500
277 0.5054 0.7509
278 0.5036 0.7518
279 0.5018 0.7491
280 0.5000 0.7500
281 0.5018 0.7473
282 0.5000 0.7482
283 0.4982 0.7491
284 0.5000 0.7500
285 0.5018 0.7509
286 0.5035 0.7517
287 0.5017 0.7491
288 0.5035 0.7465
289 0.5017 0.7474
290 0.5000 0.7448
291 0.5017 0.7423
292 0.5034 0.7397
293 0.5017 0.7406
294 0.5034 0.7415
295 0.5051 0.7424
296 0.5034 0.7432
297 0.5017 0.7441
298 0.5000 0.7416
299 0.4983 0.7425
300 0.5000 0.7433
301 0.4983 0.7409
302 0.4967 0.7384
303 0.4983 0.7360
304 0.5000 0.7336
305 0.5016 0.7311
306 0.5000 0.7320
307 0.4984 0.7329
308 0.4968 0.7338
309 0.4984 0.7346
310 0.5000 0.7323
311 0.5016 0.7331
312 0.5000 0.7340
313 0.5016 0.7348
314 0.5000 0.7357
315 0.4984 0.7333
316 0.5000 0.7310
317 0.4984 0.7319
318 0.5000 0.7296
319 0.4984 0.7304
320 0.4969 0.7281
321 0.4984 0.7290
322 0.4969 0.7298
323 0.4954 0.7307
324 0.4938 0.7315
325 0.4954 0.7323
326 0.4969 0.7331
327 0.4954 0.7339
328 0.4970 0.7317
329 0.4954 0.7325
330 0.4970 0.7333
331 0.4955 0.7341
332 0.4940 0.7349
333 0.4955 0.7357
334 0.4940 0.7365
335 0.4955 0.7373
336 0.4970 0.7381
337 0.4955 0.7389
338 0.4970 0.7396
339 0.4985 0.7404
340 0.5000 0.7382
341 0.4985 0.7390
342 0.4971 0.7398
343 0.4956 0.7405
344 0.4942 0.7413
345 0.4957 0.7420
346 0.4942 0.7399
347 0.4928 0.7406
348 0.4914 0.7414
349 0.4928 0.7421
350 0.4943 0.7429
351 0.4929 0.7436
352 0.4915 0.7443
353 0.4929 0.7450
354 0.4944 0.7458
355 0.4958 0.7437
356 0.4972 0.7444
357 0.4986 0.7451
358 0.4972 0.7458
359 0.4986 0.7437
360 0.5000 0.7444
361 0.4986 0.7452
362 0.4972 0.7459
363 0.4959 0.7466
364 0.4945 0.7473
365 0.4959 0.7452
366 0.4945 0.7432
367 0.4959 0.7439
368 0.4946 0.7446
369 0.4932 0.7453
370 0.4946 0.7459
371 0.4933 0.7439
372 0.4919 0.7446
373 0.4906 0.7426
374 0.4893 0.7433
375 0.4907 0.7440
376 0.4920 0.7420
377 0.4934 0.7401
378 0.4921 0.7407
379 0.4908 0.7414
380 0.4895 0.7421
381 0.4908 0.7428
382 0.4921 0.7435
383 0.4909 0.7441
384 0.4896 0.7422
385 0.4909 0.7429
386 0.4896 0.7435
387 0.4884 0.7416
388 0.4871 0.7423
389 0.4884 0.7429
390 0.4897 0.7436
391 0.4885 0.7442
392 0.4872 0.7423
393 0.4860 0.7430
394 0.4848 0.7437
395 0.4861 0.7443
396 0.4874 0.7449
397 0.4861 0.7456
398 0.4874 0.7462
399 0.4887 0.7469
400 0.4900 0.7475
401 0.4913 0.7481
402 0.4900 0.7488
403 0.4913 0.7494
404 0.4901 0.7500
405 0.4914 0.7481
406 0.4901 0.7488
407 0.4889 0.7469
408 0.4902 0.7475
409 0.4914 0.7482
410 0.4927 0.7488
411 0.4915 0.7494
412 0.4903 0.7500
413 0.4891 0.7506
414 0.4903 0.7512
415 0.4916 0.7518
416 0.4904 0.7524
417 0.4892 0.7506
418 0.4904 0.7512
419 0.4916 0.7494
420 0.4905 0.7476
421 0.4893 0.7458
422 0.4882 0.7441
423 0.4870 0.7447
424 0.4858 0.7453
425 0.4847 0.7459
426 0.4859 0.7465
427 0.4871 0.7471
428 0.4860 0.7453
429 0.4848 0.7459
430 0.4860 0.7465
431 0.4849 0.7471
432 0.4861 0.7477
433 0.4873 0.7460
434 0.4862 0.7465
435 0.4874 0.7471
436 0.4885 0.7477
437 0.4897 0.7483
438 0.4886 0.7489
439 0.4875 0.7494
440 0.4864 0.7500
441 0.4875 0.7483
442 0.4864 0.7466
443 0.4876 0.7449
444 0.4865 0.7455
445 0.4876 0.7461
446 0.4865 0.7466
447 0.4855 0.7472
448 0.4866 0.7478
449 0.4855 0.7483
450 0.4867 0.7489
451 0.4878 0.7494
452 0.4889 0.7500
453 0.4901 0.7506
454 0.4912 0.7511
455 0.4923 0.7516
456 0.4912 0.7522
457 0.4923 0.7527
458 0.4934 0.7533
459 0.4924 0.7538
460 0.4913 0.7522
461 0.4924 0.7505
462 0.4913 0.7511
463 0.4924 0.7495
464 0.4935 0.7500
465 0.4925 0.7505
466 0.4936 0.7511
467 0.4946 0.7516
468 0.4936 0.7500
469 0.4925 0.7505
470 0.4936 0.7511
471 0.4926 0.7516
472 0.4936 0.7521
473 0.4926 0.7526
474 0.4937 0.7532
475 0.4926 0.7537
476 0.4937 0.7542
477 0.4948 0.7526
478 0.4958 0.7531
479 0.4969 0.7516
480 0.4958 0.7521
481 0.4969 0.7526
482 0.4979 0.7531
483 0.4990 0.7516
484 0.5000 0.7521
485 0.5010 0.7526
486 0.5021 0.7531
487 0.5031 0.7536
488 0.5020 0.7541
489 0.5010 0.7526
490 0.5000 0.7531
491 0.5010 0.7536
492 0.5020 0.7541
493 0.5030 0.7546
494 0.5040 0.7551
495 0.5030 0.7535
496 0.5020 0.7520
497 0.5030 0.7525
498 0.5020 0.7510
499 0.5030 0.7515
500 0.5040 0.7500
501 0.5030 0.7505
502 0.5040 0.7490
503 0.5030 0.7495
504 0.5040 0.7500
505 0.5050 0.7485
506 0.5059 0.7490
507 0.5069 0.7495
508 0.5079 0.7500
509 0.5088 0.7505
510 0.5078 0.7490
511 0.5068 0.7476
512 0.5078 0.7480
513 0.5068 0.7485
514 0.5078 0.7490
515 0.5087 0.7495
516 0.5078 0.7500
517 0.5068 0.7505
518 0.5077 0.7510
519 0.5067 0.7514
520 0.5077 0.7519
521 0.5086 0.7524
522 0.5077 0.7510
523 0.5067 0.7514
524 0.5076 0.7500
525 0.5067 0.7505
526 0.5076 0.7510
527 0.5085 0.7514
528 0.5095 0.7519
529 0.5085 0.7524
530 0.5094 0.7528
531 0.5104 0.7514
532 0.5094 0.7519
533 0.5103 0.7523
534 0.5094 0.7509
535 0.5084 0.7495
536 0.5093 0.7500
537 0.5102 0.7505
538 0.5112 0.7509
539 0.5121 0.7495
540 0.5111 0.7500
541 0.5102 0.7486
542 0.5092 0.7491
543 0.5101 0.7477
544 0.5092 0.7482
545 0.5083 0.7486
546 0.5092 0.7473
547 0.5082 0.7477
548 0.5073 0.7482
549 0.5064 0.7468
550 0.5073 0.7473
551 0.5064 0.7477
552 0.5054 0.7482
553 0.5045 0.7486
554 0.5054 0.7473
555 0.5045 0.7477
556 0.5054 0.7482
557 0.5063 0.7487
558 0.5054 0.7491
559 0.5063 0.7496
560 0.5071 0.7482
561 0.5080 0.7487
562 0.5071 0.7491
563 0.5062 0.7496
564 0.5053 0.7500
565 0.5044 0.7487
566 0.5035 0.7473
567 0.5044 0.7478
568 0.5053 0.7482
569 0.5044 0.7487
570 0.5053 0.7491
571 0.5044 0.7496
572 0.5052 0.7500
573 0.5061 0.7487
574 0.5052 0.7491
575 0.5061 0.7496
576 0.5069 0.7500
577 0.5078 0.7487
578 0.5069 0.7491
579 0.5078 0.7478
580 0.5086 0.7483
581 0.5077 0.7470
582 0.5086 0.7474
583 0.5094 0.7479
584 0.5103 0.7466
585 0.5094 0.7470
586 0.5085 0.7457
587 0.5077 0.7462
588 0.5085 0.7466
589 0.5076 0.7470
590 0.5068 0.7475
591 0.5059 0.7462
592 0.5051 0.7466
593 0.5059 0.7470
594 0.5051 0.7475
595 0.5059 0.7479
596 0.5050 0.7483
597 0.5059 0.7471
598 0.5067 0.7475
599 0.5058 0.7479
600 0.5067 0.7467
601 0.5058 0.7471
602 0.5066 0.7475
603 0.5058 0.7479
604 0.5066 0.7467
605 0.5074 0.7471
606 0.5066 0.7459
607 0.5074 0.7463
608 0.5082 0.7467
609 0.5090 0.7471
610 0.5082 0.7459
611 0.5074 0.7447
612 0.5065 0.7451
613 0.5073 0.7455
614 0.5065 0.7459
615 0.5057 0.7463
616 0.5049 0.7468
617 0.5041 0.7472
618 0.5032 0.7476
619 0.5024 0.7480
620 0.5016 0.7468
621 0.5024 0.7472
622 0.5016 0.7476
623 0.5024 0.7480
624 0.5016 0.7484
625 0.5024 0.7488
626 0.5016 0.7492
627 0.5008 0.7496
628 0.5000 0.7500
629 0.5008 0.7504
630 0.5016 0.7508
631 0.5024 0.7512
632 0.5032 0.7500
633 0.5024 0.7488
634 0.5032 0.7492
635 0.5024 0.7480
636 0.5031 0.7484
637 0.5024 0.7473
638 0.5016 0.7476
639 0.5023 0.7480
640 0.5031 0.7469
641 0.5039 0.7457
642 0.5047 0.7461
643 0.5054 0.7465
644 0.5062 0.7453
645 0.5070 0.7442
646 0.5062 0.7446
647 0.5070 0.7450
648 0.5062 0.7454
649 0.5054 0.7458
650 0.5062 0.7462
651 0.5054 0.7465
652 0.5061 0.7469
653 0.5069 0.7473
654 0.5076 0.7477
655 0.5084 0.7481
656 0.5076 0.7485
657 0.5084 0.7489
658 0.5076 0.7492
659 0.5083 0.7496
660 0.5076 0.7485
661 0.5083 0.7489
662 0.5091 0.7492
663 0.5098 0.7481
664 0.5090 0.7485
665 0.5083 0.7474
666 0.5075 0.7462
667 0.5082 0.7466
668 0.5090 0.7455
669 0.5082 0.7459
670 0.5075 0.7463
671 0.5067 0.7466
672 0.5060 0.7455
673 0.5052 0.7459
674 0.5059 0.7463
675 0.5052 0.7467
676 0.5059 0.7456
677 0.5066 0.7459
678 0.5074 0.7463
679 0.5081 0.7452
680 0.5074 0.7456
681 0.5081 0.7460
682 0.5088 0.7463
683 0.5095 0.7467
684 0.5088 0.7456
685 0.5095 0.7460
686 0.5102 0.7449
687 0.5109 0.7438
688 0.5116 0.7427
689 0.5109 0.7431
690 0.5101 0.7435
691 0.5109 0.7438
692 0.5116 0.7442
693 0.5123 0.7446
694 0.5130 0.7450
695 0.5122 0.7453
696 0.5129 0.7443
697 0.5136 0.7432
698 0.5143 0.7421
699 0.5136 0.7425
700 0.5143 0.7429
701 0.5136 0.7418
702 0.5142 0.7422
703 0.5135 0.7425
704 0.5128 0.7429
705 0.5121 0.7433
706 0.5113 0.7422
707 0.5106 0.7426
708 0.5113 0.7429
709 0.5120 0.7419
710 0.5127 0.7423
711 0.5134 0.7426
712 0.5126 0.7430
713 0.5133 0.7419
714 0.5140 0.7423
715 0.5133 0.7427
716 0.5140 0.7416
717 0.5146 0.7406
718 0.5139 0.7409
719 0.5132 0.7413
720 0.5139 0.7417
721 0.5146 0.7420
722 0.5152 0.7424
723 0.5159 0.7414
724 0.5152 0.7417
725 0.5159 0.7407
726 0.5165 0.7397
727 0.5158 0.7400
728 0.5151 0.7404
729 0.5144 0.7407
730 0.5137 0.7411
731 0.5144 0.7415
732 0.5150 0.7418
733 0.5157 0.7408
734 0.5150 0.7411
735 0.5156 0.7415
736 0.5163 0.7405
737 0.5170 0.7395
738 0.5163 0.7398
739 0.5156 0.7402
740 0.5162 0.7405
741 0.5169 0.7409
742 0.5162 0.7399
743 0.5168 0.7402
744 0.5161 0.7406
745 0.5154 0.7409
746 0.5147 0.7413
747 0.5154 0.7416
748 0.5160 0.7420
749 0.5154 0.7423
750 0.5147 0.7427
751 0.5153 0.7417
752 0.5160 0.7420
753 0.5153 0.7424
754 0.5146 0.7427
755 0.5152 0.7417
756 0.5159 0.7407
757 0.5165 0.7398
758 0.5158 0.7388
759 0.5152 0.7391
760 0.5158 0.7395
761 0.5164 0.7398
762 0.5157 0.7402
763 0.5151 0.7405
764 0.5144 0.7408
765 0.5150 0.7412
766 0.5157 0.7415
767 0.5163 0.7419
768 0.5156 0.7422
769 0.5150 0.7425
770 0.5143 0.7429
771 0.5136 0.7432
772 0.5142 0.7435
773 0.5136 0.7439
774 0.5129 0.7429
775 0.5135 0.7432
776 0.5142 0.7423
777 0.5148 0.7426
778 0.5141 0.7429
779 0.5135 0.7433
780 0.5141 0.7423
781 0.5134 0.7426
782 0.5141 0.7430
783 0.5147 0.7420
784 0.5153 0.7411
785 0.5159 0.7401
786 0.5165 0.7405
787 0.5172 0.7408
788 0.5178 0.7411
789 0.5171 0.7414
790 0.5177 0.7418
791 0.5183 0.7421
792 0.5189 0.7424
793 0.5183 0.7427
794 0.5189 0.7431
795 0.5195 0.7434
796 0.5201 0.7425
797 0.5194 0.7428
798 0.5201 0.7431
799 0.5194 0.7434
800 0.5200 0.7438
801 0.5194 0.7441
802 0.5187 0.7444
803 0.5193 0.7447
804 0.5187 0.7438
805 0.5193 0.7441
806 0.5186 0.7444
807 0.5180 0.7447
808 0.5186 0.7450
809 0.5192 0.7454
810 0.5198 0.7457
811 0.5203 0.7460
812 0.5209 0.7463
813 0.5215 0.7454
814 0.5221 0.7457
815 0.5215 0.7460
816 0.5221 0.7463
817 0.5214 0.7466
818 0.5208 0.7457
819 0.5201 0.7460
820 0.5195 0.7463
821 0.5201 0.7454
822 0.5195 0.7457
823 0.5200 0.7448
824 0.5206 0.7451
825 0.5200 0.7455
826 0.5206 0.7458
827 0.5212 0.7461
828 0.5205 0.7464
829 0.5211 0.7467
830 0.5217 0.7470
831 0.5211 0.7461
832 0.5216 0.7464
833 0.5222 0.7467
834 0.5228 0.7470
835 0.5222 0.7461
836 0.5215 0.7452
837 0.5209 0.7455
838 0.5203 0.7458
839 0.5197 0.7461
840 0.5190 0.7452
841 0.5184 0.7455
842 0.5178 0.7458
843 0.5184 0.7461
844 0.5190 0.7464
845 0.5195 0.7467
846 0.5189 0.7470
847 0.5183 0.7473
848 0.5177 0.7476
849 0.5171 0.7479
850 0.5165 0.7482
851 0.5170 0.7485
852 0.5164 0.7488
853 0.5158 0.7491
854 0.5164 0.7494
855 0.5158 0.7497
856 0.5164 0.7500
857 0.5169 0.7503
858 0.5175 0.7506
859 0.5180 0.7509
860 0.5174 0.7500
861 0.5168 0.7503
862 0.5174 0.7506
863 0.5168 0.7509
864 0.5162 0.7500
865 0.5168 0.7503
866 0.5162 0.7494
867 0.5167 0.7497
868 0.5173 0.7500
869 0.5178 0.7491
870 0.5184 0.7494
871 0.5189 0.7497
872 0.5183 0.7489
873 0.5178 0.7491
874 0.5183 0.7494
875 0.5189 0.7497
876 0.5183 0.7500
877 0.5177 0.7503
878 0.5182 0.7506
879 0.5176 0.7497
880 0.5182 0.7500
881 0.5176 0.7503
882 0.5170 0.7506
883 0.5164 0.7508
884 0.5158 0.7511
885 0.5153 0.7514
886 0.5158 0.7517
887 0.5163 0.7520
888 0.5158 0.7511
889 0.5163 0.7514
890 0.5157 0.7517
891 0.5163 0.7520
892 0.5157 0.7522
893 0.5151 0.7525
894 0.5157 0.7528
895 0.5151 0.7531
896 0.5145 0.7533
897 0.5151 0.7536
898 0.5156 0.7539
899 0.5150 0.7542
900 0.5156 0.7544
901 0.5161 0.7536
902 0.5155 0.7539
903 0.5161 0.7542
904 0.5166 0.7544
905 0.5171 0.7547
906 0.5177 0.7550
907 0.5171 0.7552
908 0.5176 0.7555
909 0.5171 0.7558
910 0.5176 0.7560
911 0.5181 0.7563
912 0.5175 0.7566
913 0.5170 0.7558
914 0.5164 0.7560
915 0.5169 0.7552
916 0.5175 0.7544
917 0.5169 0.7535
918 0.5174 0.7527
919 0.5180 0.7519
920 0.5174 0.7522
921 0.5168 0.7524
922 0.5174 0.7527
923 0.5179 0.7530
924 0.5173 0.7532
925 0.5168 0.7535
926 0.5173 0.7538
927 0.5167 0.7540
928 0.5172 0.7543
929 0.5167 0.7546
930 0.5161 0.7548
931 0.5166 0.7551
932 0.5161 0.7543
933 0.5166 0.7546
934 0.5171 0.7548
935 0.5166 0.7551
936 0.5171 0.7543
937 0.5176 0.7545
938 0.5181 0.7548
939 0.5176 0.7540
940 0.5170 0.7543
941 0.5165 0.7535
942 0.5159 0.7537
943 0.5164 0.7540
944 0.5169 0.7542
945 0.5175 0.7545
946 0.5169 0.7548
947 0.5174 0.7550
948 0.5179 0.7542
949 0.5174 0.7545
950 0.5179 0.7537
951 0.5184 0.7529
952 0.5189 0.7532
953 0.5184 0.7534
954 0.5178 0.7537
955 0.5173 0.7529
956 0.5167 0.7531
957 0.5162 0.7534
958 0.5157 0.7526
959 0.5162 0.7529
960 0.5167 0.7521
961 0.5161 0.7523
962 0.5166 0.7526
963 0.5171 0.7529
964 0.5166 0.7531
965 0.5171 0.7534
966 0.5166 0.7536
967 0.5160 0.7528
968 0.5165 0.7531
969 0.5160 0.7534
970 0.5165 0.7526
971 0.5170 0.7518
972 0.5175 0.7510
973 0.5170 0.7513
974 0.5164 0.7505
975 0.5159 0.7497
976 0.5164 0.7500
977 0.5159 0.7492
978 0.5164 0.7495
979 0.5169 0.7487
980 0.5163 0.7490
981 0.5158 0.7492
982 0.5153 0.7495
983 0.5148 0.7497
984 0.5152 0.7490
985 0.5157 0.7492
986 0.5162 0.7495
987 0.5167 0.7487
988 0.5162 0.7480
989 0.5157 0.7482
990 0.5162 0.7485
991 0.5156 0.7487
992 0.5151 0.7490
993 0.5156 0.7492
994 0.5161 0.7495
995 0.5166 0.7497
996 0.5161 0.7490
997 0.5165 0.7482
998 0.5160 0.7485
999 0.5155 0.7487
1000 0.5150 0.7480
